34.3951
41.23811
35.57542
44.02607
41.26526
42.92507
38.93303
43.55843
43.26125
43.49065
35.27764
39.58695
36.575
40.85907
40.14466
28.00016
40.28201
32.48122
31.41193
39.00381
39.89642
43.55585
43.23561
33.49484
34.00508
43.65877
40.14235
31.2082
17.14402
34.53772
47.82476
25.79386
34.15161
40.0972
23.16012
36.18511
45.68782
45.49459
42.0775
34.90654
40.3595
34.99362
40.43028
42.10386
41.14745
38.22971
38.44862
44.77268
24.27387
40.50923
39.57713
41.40633
45.38724
36.71495
42.23787
40.70608
37.52542
26.41428
42.4035
30.92415
38.43529
40.42507
42.23603
43.20971
32.00742
44.31444
41.6609
32.14921
34.11835
32.94774
33.85794
26.88552
43.26128
41.34838
34.54423
35.15023
40.79175
35.15091
46.6046
42.8391
36.34427
38.12016
42.45103
38.34567
38.69606
44.03473
32.04848
34.77433
24.44158
38.13532
34.1042
41.80041
40.05376
21.36404
29.90611
41.73373
38.99553
42.71095
36.48816
36.85443
34.61256
27.77514
42.42885
40.61204
28.56959
38.69316
19.75866
39.89822
45.32769
32.65571
34.43537
36.2484
38.78023
37.99954
42.22785
41.7462
35.13912
39.56206
39.36783
38.37341
34.82812
40.59302
29.8607
23.47819
35.0483
38.67539
35.04676
38.84204
37.66137
38.68433
36.03655
38.30868
31.24454
40.04383
39.42143
40.8802
37.40782
42.20405
33.87503
38.32908
33.77521
39.23978
23.28213
46.58767
40.82153
39.30987
36.27893
28.36819
41.61877
31.85272
38.1833
37.49126
45.41152
40.16586
28.09705
39.99238
39.61017
41.67836
35.05364
39.38235
34.31107
43.69066
31.37166
34.46982
42.72635
34.53585
38.38884
31.79734
42.94044
45.45203
39.84699
40.73109
37.00774
41.40551
34.89783
39.96957
36.09985
45.12723
34.47011
37.37162
37.80201
29.21123
44.18935
42.18939
30.3472
38.88955
38.60305
30.97345
26.74276
14.08238
40.71597
38.37864
31.28003
39.47302
37.94911
22.19017
40.98964
33.64544
41.86623
28.0152
45.09848
35.80317
36.95681
43.10575
37.73434
36.42375
37.7682
45.06
36.3262
40.20172
40.3816
36.29494
34.9956
39.37013
44.94006
40.66618
36.25176
32.12405
35.41035
35.35038
41.70165
39.75916
18.02582
39.79718
31.32524
38.78688
46.71369
35.53795
37.01868
40.81105
41.54474
46.63299
41.06162
41.57528
38.84356
28.7586
40.01785
45.33847
21.99138
39.99373
39.71872
40.68047
32.69203
32.79805
34.18463
37.07423
35.09275
41.61085
43.16325
44.51188
35.48661
33.13911
39.78133
44.0505
43.54985
37.42303
32.7419
41.16531
28.76518
40.50202
40.2878
38.78809
39.98614
30.43484
35.86511
35.55321
37.92012
40.22628
29.10351
36.81776
29.64252
40.63136
28.07631
41.56434
31.03537
18.50723
28.11169
31.77916
41.77912
43.1603
33.66096
37.92027
36.66716
37.30027
32.67508
41.86593
41.06291
39.86122
42.87375
36.57552
44.49518
29.16566
38.27448
31.07379
39.18586
9.19153
30.38595
37.81974
38.22669
34.48866
